3.8284815
3.1633339
2.7155728
3.6114824
2.3774632
1.8240402
3.323286
3.7
3.8499901
2.7936256
3.7354934
4.359446
4.1880109
4.1801925
3.3564355
3.861906
3.9538928
3.1049002
3.1666902
3.7308508
3.6077285
2.7948192
3.0371924
1.6556366
2.9791135
3.9898601
3.395732
2.7272945
4.3055429
3.1811735
3.3115204
3.2878151
3.0472835
4.376434
2.7626526
2.4390097
3.3265549
3.1657066
3.690283
2.9
3.6364184
2.5044554
3.3363987
3.2806476
3.6204328
3.4182599
4.0911625
3.2225298
3.9728528
4.0557303
3.8453807
3.4786536
3.8728081
2.881732
3.4052816
3.4704354
2.9502294
3.1082503
2.9835416
2.8063952
3.7416001
3.6004392
3.637251
2.9215407
2.7187153
4.1832341
3.8513015
3.3254003
3.729666
3.548142
4.0498516
3.0546468
3.4222964
2.9168619
3.0636136
3.6840362
3.8657261
3.0517071
2.779892
3.4343142
4.2289725
3.2614994
2.7351194
3.0990184
3.859651
3.344137
2.9817502
3.4647631
2.8462794
3.3459789
3.9045371
3.4239492
2.828212
3.8450909
3.1582731
3.4873379
3.0577587
3.3615782
3.6028778
3.9973587
2.5743424
2.8215122
3.5937777
3.2697003
3.8733664
3.0992958
3.1458319
3.2350636
3.4907107
3.8582858
4.087998
3.6144258
3.3308518
2.9024146
3.1895312
3.9348993
3.7073115
2.9481356
2.6252588
3.3393971
3.1275619
3.8622482
2.6085928
2.4176564
3.1941999
2.5239841
3.6991499
2.8698699
3.434776
2.2048775
3.6296226
3.5
3.7
4.4722041
3.4422785
2.9
3.5906483
3.5664394
3.3557
3.410978
2.8291303
2.677857
2.8324655
3.8489157
3.5128797
2.6063162
3.9493798
3.4086567
3.5727737
3.4001567
4.0707122
3.4744166
4.1311831
4.1837627
3.849458
2.4762411
3.0746186
3.1911447
3.170233
2.9256162
3.7809699
3.137127
3.3795295
3.4749558
3.0168454
3.6320653
3.2437652
3.7287651
3.5997009
3.069099
3.9363844
3.1492206
3.4925265
3.2935375
3.5918248
3.3904926
3.0456061
3.8767298
2.8784923
3.9104562
3.6922179
3.0980937
3.3893096
3.439967
2.0802384
4.0463935
3.838096
3.4942134
3.0309609
2.5990971
2.9830707
3.538498
3.6608104
2.3433272
3.5383636
2.5084926
4.4628307
2.7466442
3.5094544
3.2564581
3.8232278
4.3352387
2.6941573
2.790107
2.9744493
2.9254348
4.092357
3.6361916
3.0733694
3.7838516
3.0720394
3.5240341
3.6138096
3.9339792
2.1975616
3.677974
3.9094206
3.6166213
3.7374024
3.3939437
3.9895515
4.0709932
3.8489416
3.4453117
3.6124449
2.8528856
3.7893811
4.0971705
2.0604174
2.3022822
3.4981009
3.8127175
2.715006
3.6118104
2.5236097
1.9099807
1.9802145
4.3236094
3.0484971
4.1067227
3.1987395
3.0105417
3.5401981
3.9819065
3.6978508
3.3569243
3.9771105
2.6549469
3.5290571
3.4780417
3.3287452
4.4389259
3.6708078
2.8481932
4.101749
3.2459658
3.5281626
2.8958088
3.5225207
3.589867
2.7867532
3.749337
3.559526
2.7861819
2.9780106
4.1515873
3.5576976
3.5554346
3.35
3.6672869
3.3403705
3.9766802
2.0474281
3.4840823
3.8904333
2.8893829
3.7431108
2.5054568
3.561015
3.1949967
3.7098784
3.3897351
3.0275019
2.8654466
3.6404387
3.766527
3.102383
3.096764
3.1113674
3.4627436
2.8062859
2.8767963
2.2962135
2.5736015
2.9893546
4.182026
2.5
3.6838189
2.3886883
3.1763126
3.3009952
2.7668927
2.7824534
3.3271136
3.3315454
3.3284066
3.2226216
3.6301261
3.7350072
3.3686361
4.005551
3.9476986
3.4867548
3.4835672
3.4236406
3.9261677
3.020032
3.5392717
3.1541251
3.6079775
2.885939
3.4858679
3.8253079
3.0464306
3.3347073
3.4048907
2.8765499
3.2494222
2.741484
3.0002782
3.5356799
3.8470833
3.3629036
2.9634581
3.5571091
2.4598658
2.0542071
3.3365321
3.8106032
3.3807233
3.4538699
3.8584633
2.9502125
2.0853275
2.8912073
3.2844919
2.7046978
1.9680103
3.1642254
3.8464454
3.5296643
2.52141
2.76038
3.071872
3.3643596
3.5077427
3.4499066
4.0558536
3.754281
4.0377567
3.1522039
3.0416863
3.0351704
2.7407306
2.9811337
3.1477212
3.368905
3.6720393
3.6508957
3.712934
3.563421
3.8181131
2.4832507
4.3080897
2.8495092
3.8788558
3.2118117
3.98716
2.7859814
3.650376
2.9147647
2.9356383
3.3317365
2.2864438
3.7048291
3.230461
3.5891353
3.2181507
4.633
2.9547114
3.2275009
3.7871101
3.4968474
3.7673657
3.4454616
3.2511143
3.4272661
2.160542
4.0824001
3.7109195
3.3402561
1.1859075
3.1362882
3.1685255
2.7511584
3.4676879
3.2493581
2.6999589
3.1650901
3.591064
3.8782924
3.5312521
4.3116904
3.9278098
3.0236651
2.5398274
2.9684243
4.1818679
3.4484201
3.7150463
3.7097696
1.7210294
2.5156804
3.1315206
4.2541682
4.2562216
3.722892
3.1808454
3.502996
2.7897803
3.5916636
3.1948763
3.4541339
3.5517554
3.8091903
2.7727046
3.2925744
3.3019973
3.2206024
3.2983044
3.3149491
3.6291797
3.9920901
3.2182132
2.9756873
3.1919433
3.2662648
1.854019
3.0330252
4.0043323
4.0581968
3.9078407
3.3987381
3.6694766
3.1626046
3.4516141
3.9638756
3.8617378
2.2715753
4.2411679
3.5553969
2.7925985
3.4484588
4.036259
2.8966804
3.6238903
1.620809
3.7254001
3.5919841
3.744636
3.4410741
2.366669
2.2472115
3.5822148
2.8377358
1.9548463
3.5185242
3.0483973
3.483754
3.6039031
2.7735773
2.6304373
3.1708818
3.1549056
2.9519861
3.4874624
3.7964933
3.8922714
3.0611203
3.6019696
3.3031911
3.7956637
2.7652363
3.5310736
2.5383869
3.2699718
3.6702824
3.7904643
3.100758
2.5656816
3.7054163
3.4071539
3.9465843
2.5032349
3.7143231
4.0349139
2.6758541
3.0096686
3.4660349
3.3680714
3.0340724
3.7280243
2.7576785
2.8126653
3.4763314
3.8332637
2.2866009
3.1818971
2.867286
2.8561923
3.0516877
2.5926799
3.734381
2.477187
3.8182563
2.8958237
3.2074101
3.284515
2.7158465
2.8915446
1.623782
3.8086806
3.6551531
4.2273183
2.921225
3.1842676
3.3555101
3.8201546
3.5657031
4.1457959
2.4555959
2.8140932
3.4421034
3.6892017
2.6191077
2.2230649
3.5222507
2.678719
2.9135137
3.2553229
3.7895189
4.0878403
4.3808854
3.4006607
3.6937435
3.8169994
3.5666184
3.7578377
3.6608798
3.4617325
3.7602626
3.9465692
3.49623
2.9101294
3.968753
3.6651811
3.6
4.2774736
3.4813067
3.5263656
3.6868864
3.7726572
2.8076781
3.9378604
2.7634518
3.3060898
3.1593712
3.3599458
3.9252621
4.3128103
2.8564102
3.0956837
2.6741263
2.5344328
3.0305084
3.9516127
4.1720823
3.7958435
3.3992935
2.6684526
3.3217556
3.2110032
3.40053
3.9130222
2.9935524
3.3495484
3.2208051
2.929237
3.0292777
3.564391
3.6499899
3.0088996
3.4575433
3.6683256
3.7013929
3.7574536
3.529094
3.3902712
3.6644661
3.4706003
2.7973877
2.9648361
3.7770151
3.5308228
3.7148954
3.1775702
3.2343724
3.3815851
3.2582073
2.9753762
3.4519314
3.7535305
1.8846564
3.986606
3.6562823
2.9320197
3.4614439
3.2718157
3.0406452
3.0383187
3.1554851
2.9567827
2.3726839
3.5067478
3.233
3.3566113
2.8738745
3.5477729
2.6854953
3.282998
4.205379
2.3336328
2.3063247
2.3071168
4.0797944
3.6346463
4.3873438
3.1077324
3.6469891
3.7814683
3.0075635
3.6313167
3.3905209
3.8005703
3.2555926
3.5882151
3.8022878
4.2240408
3.0582125
3.8410443
2.6441251
3.0764877
2.6841399
2.7739016
3.6689396
3.0714878
3.4248321
3.5084576
3.1509337
3.3633743
4.224651
3.082826
4.1021097
2.007433
3.5648497
3.274373
3.6675656
3.2098078
3.7985917
3.8822638
3.4047422
3.3693898
3.1514929
3.359962
3.8890708
3.1221145
4.0715694
3.4243695
3.069818
2.8928592
4.0353305
2.5367852
3.6571966
3.3825117
3.4305257
3.1209108
2.9178212
2.6984022
3.0073104
3.369584
2.7258748
3.6987284
4.027868
4.0966414
3.0685905
3.7178453
3.174965
2.538857
3.7381034
3.1015961
3.8490729
1.9251588
3.4204857
3.6434453
3.8994332
3.1669352
2.6542578
3.8558386
3.289478
3.4232912
4.105619
4.2016049
2.8901298
3.0325811
3.8879945
3.5487544
2.8217818
4.1235285
3.2899989
3.1603758
4.051531
2.8293476
3.9562512
2.8035845
3.5483105
2.8556043
4.1464602
2.7578105
2.5189724
3.628539
2.8375419
4.0106833
3.2690945
3.1633622
3.654819
3.0046647
3.8649481
3.2540171
2.6993159
3.5983662
