4.4255808
3.4170985
2.3873956
2.4598739
3.9848032
2.1895767
4.0340215
3.1079907
2.7327026
3.2750066
3.9575079
1.8679836
3.7377129
2.1178537
2.8491502
3.4946671
4.2097593
3.5504611
4.2097593
2.2089013
3.0552573
2.9193797
2.8331462
3.7785466
3.9610873
3.5304068
4.0848718
2.6075397
4.0577172
1.7773757
3.4946671
2.908039
3.2099604
3.4946671
2.9992092
3.5309026
2.9654917
2.9277642
3.8920061
4.0577172
3.8550109
3.1228593
3.368535
3.5304068
3.5304068
3.5304068
3.2099604
3.2099604
3.5304068
3.5304068
3.2627835
3.5630273
3.4055466
3.8646384
3.9990076
3.1985407
2.8024271
3.3727997
3.0430519
2.9011806
2.1952981
4.1029269
2.2898604
4.2710781
3.3000915
0.73469387
3.2386825
4.0577172
3.924001
3.7138731
2.4998885
2.9505627
4.2710781
2.935605
2.525495
2.1637255
3.7778444
4.1126549
3.0735205
3.3065719
1.6708378
1.4130247
3.1989225
3.8054689
2.0698525
3.3461584
2.8757157
4.5228706
3.0417227
4.4829251
3.3727997
1.8928201
3.585495
3.5901222
4.2090195
2.9786619
3.0307952
2.9992092
3.0361475
2.8097251
1.6442641
1.5233536
1.8896895
3.07827
2.0782356
2.5704355
2.9067992
2.967246
3.4572657
2.7229886
3.2515507
3.1629309
2.6824231
2.5376655
1.5990149
3.7321581
3.8628596
2.3577101
3.6884541
3.399709
1.3648292
2.2150285
1.5470657
2.4371312
1.4838392
2.417557
1.4838392
3.426389
1.3888669
3.1647689
1.0410274
1.3888669
2.2808218
3.8327975
3.0589671
3.089963
3.3521274
3.4840296
1.9226293
1.677442
1.6251653
2.4338402
2.0075157
3.5902091
3.8319245
3.5322909
4.3449833
4.4255808
3.0314095
3.9231842
2.6604944
2.9765655
2.7479844
-0.43356073
1.277975
2.931221
3.8920061
4.3116954
2.457298
2.770822
2.770822
3.1611086
1.6385479
2.8907457
3.1261477
0.94956919
3.391361
3.4545318
3.4050929
1.3888669
3.9030048
1.9553212
2.4174462
3.3637063
3.4622045
3.8719564
2.8850649
1.7931973
3.5114258
3.0581955
2.035792
1.6492531
1.7922749
3.1611027
3.5901222
1.454959
2.3113695
2.7242234
-0.29348262
2.7242234
3.5903177
3.735103
3.6233898
3.227423
2.5421773
3.8117248
-0.70890392
2.0103813
3.3387484
-0.42884762
2.6585205
3.6383008
2.5016377
3.8017593
4.1058754
2.9887068
3.4351494
1.6840525
1.8478439
2.7242234
3.4538566
2.2227527
1.591606
2.4338402
3.7774026
2.2448439
4.3459845
2.2651255
2.8646899
1.6458251
3.9702613
3.6511495
2.9298928
2.6176204
2.386743
2.6155727
1.77737
3.4002869
3.0182627
3.7182711
3.494699
2.6787243
4.3370138
3.1228593
1.9581147
1.7975516
1.6579222
3.7016999
1.8508923
2.7261305
2.6142042
2.6940752
3.1944106
3.5024872
2.5633648
1.6910539
1.8090633
2.4744157
1.5300279
1.9357749
0.7674109
2.8789033
1.9430345
-0.34246541
2.8058932
3.102503
3.1383723
3.1228593
3.4069748
3.1938939
0.077288964
3.0895461
2.5913808
1.9558555
1.4528619
2.0327676
1.4594456
1.4307797
3.6703162
3.2013969
2.9772607
2.580993
1.7423507
3.341013
3.2180312
1.5289587
3.8056222
2.0311177
1.4622173
3.3930281
3.3491314
2.6838272
1.0914098
2.9441187
2.5115981
2.8968722
3.3382952
2.4785567
1.5330485
3.5583141
2.8954236
1.7283512
1.531249
1.0792718
1.2427684
2.3751205
2.0294453
2.241389
1.4656286
0.32331971
3.005484
3.0447372
2.2603306
2.3970752
2.8351132
3.8003262
2.9688359
1.9024907
0.64400248
2.4505855
1.1047924
3.6439461
2.0047893
2.6266875
0.99088048
0.8979409
1.9862015
4.0431823
3.2242464
2.8586279
1.3941027
2.7686088
2.7000001
2.0754393
2.1125288
0.99334248
0.82485239
0.75717632
2.0900532
1.5803514
0.69160633
1.6201146
2.9109996
1.7939953
2.839799
2.7710045
2.1690216
1.4157929
3.8305871
2.4734657
0.81378977
3.2790849
1.7992696
2.2879859
3.3500009
2.9216902
2.9036132
1.2265001
1.3560602
1.4699947
1.0889068
1.9575481
0.35721717
2.6020358
2.3094525
2.0075157
0.44482794
1.2984396
0.63595322
3.1707019
2.3459478
2.3071802
3.7722683
2.0467206
2.4234205
0.084967622
1.6989039
3.278398
0.17552548
2.1821271
0.42589236
1.9057653
0.045466018
0.44598447
3.0844995
2.1124447
3.2105683
1.5208852
0.14973517
2.258077
1.891291
2.1435575
1.1795395
1.9244836
-0.023573863
1.8045974
2.4568303
2.3152425
2.492222
3.7521618
2.3866693
-0.11035139
2.1573908
3.4121122
1.1533153
1.4699178
0.64195481
2.2414902
3.3428558
2.1533311
2.3760736
1.9073279
2.920124
1.4361492
2.9779754
2.3505999
0.7283085
3.4012044
3.1191419
4.1210384
2.4510712
0.88703661
1.5090866
3.2878859
1.9232246
1.6931254
2.3715912
2.0543465
2.563698
2.9631147
2.0689688
1.0456134
0.90584378
2.2597304
-0.60818715
0.69999942
1.7936001
0.8055033
-0.52129255
3.5015815
2.6765108
2.7572541
3.6849227
2.8271356
0.54956577
1.4810138
2.650907
3.1166026
1.4213625
1.7913826
2.1358962
0.82124763
0.70024542
0.95267816
2.9690184
1.1561843
1.8869232
-0.33132927
0.463718
0.51991373
0.56883255
2.9166678
0.853501
2.2159336
1.1683916
3.0824812
2.3844662
1.5465975
2.0365573
3.610463
2.2084564
2.2233568
1.6806403
0.49241594
1.6176862
1.8785243
2.8676664
1.9834359
1.9895527
1.6862785
1.7775031
0.24328223
-0.1779511
2.0619207
0.53661861
2.9636062
0.58706483
1.5305818
0.20218494
0.10098588
3.2339406
2.6602865
0.68640357
1.7900298
2.4040303
2.4366137
1.2493176
3.008579
1.4789615
2.0820296
1.0379393
0.50701856
2.0177261
0.80566782
0.7945385
0.97226114
2.1608096
3.6664008
2.0661049
2.5465023
1.5676951
1.1296938
1.8855006
1.782733
2.9000006
1.268148
0.49239515
2.267625
1.5106244
1.3277386
0.30448231
1.2859231
3.7449282
1.4750127
2.794188
1.3146735
2.9502499
0.45432583
1.3829443
1.0166478
-0.11625737
1.8257296
0.68769774
1.167592
1.3862024
2.8809491
0.81184324
2.9330425
2.1053891
3.3333676
1.2022286
-0.18006914
0.86173571
0.58229309
1.4035171
1.6232756
1.4824271
0.23745138
0.8501323
1.8995028
1.2541319
0.49369398
0.13491132
0.24315807
1.4951355
0.06035892
1.8396265
0.77226716
3.3446488
0.97721316
0.75853742
1.7851496
2.4299419
1.0938975
2.0488029
2.8020917
0.60425024
2.0091445
1.6313262
0.80471934
0.83520202
1.8219607
2.726398
3.1694018
-0.734521
1.9061463
1.2579481
1.7507146
2.9837697
1.353783
3.9739197
1.1354108
1.7717068
1.7854991
2.3738269
1.2045542
1.3620051
2.5207001
3.7571655
1.9478299
2.4890052
1.2927052
1.2230972
1.3793937
3.1559969
2.2690122
2.23248
1.1747216
-0.20150099
1.8853142
0.3274909
2.8180835
1.2172153
1.0176846
-0.91415939
2.5404129
1.0777092
1.2897999
1.4615183
1.4768327
0.44711288
1.2624576
1.2720251
0.9872852
2.0569307
0.82888035
0.57721332
2.4572385
1.6188166
0.61629703
0.73928552
2.708424
1.0261078
0.39858754
0.8912789
0.46321972
2.3840162
0.97295397
0.61986899
1.1309039
0.63205827
3.3444821
0.002273279
0.26185372
1.8917442
1.0397303
0.51642475
1.2031192
1.2119401
2.7513054
1.7842932
0.90836268
1.6101208
0.82887031
0.23915527
0.52773252
2.7433602
0.93243103
-0.64268988
1.0922912
0.14472663
1.6747895
1.4584433
1.7385146
1.7440245
0.18771801
0.088153357
2.0398523
0.99469094
0.4770691
1.3142542
1.2463031
1.2549665
2.8517773
2.2102717
3.0191952
-0.019627949
2.384463
0.67089651
1.6850435
1.6866813
-0.084151425
0.99687864
2.3203414
2.9169028
0.90628027
2.2255748
0.79768976
0.66222397
0.92499409
3.071164
2.384468
0.55816926
1.8156269
2.4153292
4.6883275
0.98674
0.92632498
2.9729342
0.32421937
0.24649918
0.32907713
1.9666724
1.7945676
-0.11059833
1.2391882
0.38716484
0.44981878
2.1590507
0.9706845
1.3438124
2.5483354
2.2089047
2.7314751
2.08629
-1.0574085
0.73597261
1.8809961
3.34946
1.2033822
2.2374317
2.1638024
2.0303106
1.6300438
-0.71406898
2.5128265
1.7234115
1.1863322
0.28269665
0.5594973
1.5945917
0.37785571
0.56948869
0.77661841
1.9640764
1.052881
0.83446172
1.3622461
0.74980972
1.3555671
0.96343936
0.85246555
1.8158996
-0.1000019
0.17657034
2.267816
1.1124617
1.6799577
0.51219115
0.56523556
1.384825
0.58543871
1.1780082
0.44095265
0.0017831575
0.12741599
2.85
2.3428094
3.3
2.3174306
0.812612
0.38435034
0.61835694
1.3676138
2.0793716
-1.3628091
0.88977788
0.29072461
0.6443765
0.74698339
