4.5278876
4.4819867
4.2819727
4.8086415
4.1352031
4.6498321
4.3420622
4.2050748
4.5328237
4.7637605
4.4393571
4.4229527
4.8819684
5.0014775
4.2182003
4.4409419
4.0532124
4.7707271
4.368847
4.2007091
4.4753001
4.0088557
4.5884379
3.9639264
4.6215596
4.260982
3.4925854
4.1511526
4.4883236
4.193503
4.4859339
4.3279924
4.4526826
4.2418821
4.3924807
4.1773812
4.3515382
4.7754683
4.0716906
4.6284629
4.6268427
4.6849574
4.9672407
4.0885671
4.5399952
4.1000298
5.0999999
4.2708029
4.7662634
4.553213
4.1357403
4.67842
4.298423
4.2967619
4.2019349
4.7426003
4.2999779
3.5774999
4.2538991
4.324109
4.0489629
4.6134078
4.4945936
4.6959676
4.8639495
4.5635548
4.4129603
4.1842632
4.4214068
4.6465079
4.6843473
4.6368505
4.5161583
3.9458984
4.365861
4.4999927
4.1948708
4.3410827
4.4013512
4.4139477
4.538831
4.5941841
4.6104246
4.5705125
4.2287815
4.9209306
4.575453
4.1003849
4.3832976
4.7542852
4.3137811
4.4750553
3.557823
4.1545057
3.9720827
5.0999999
4.5838808
4.5389475
4.83164
4.745216
4.3596111
4.3345198
4.2764135
4.3805839
4.9631325
5.0999999
4.4016994
4.4326166
4.6576528
4.7241342
4.4594606
4.2050135
4.496062
4.4162984
4.624254
4.2273646
4.5136402
4.0731626
4.3478098
3.7117274
3.5099745
4.282841
4.1159987
4.0428602
4.7415643
4.0119663
4.4494535
4.6479963
4.5006032
4.3662535
4.4933656
4.5669403
4.3642269
4.3727001
4.5444422
4.2813649
4.1980267
4.5153873
4.357114
4.4209983
4.5838909
4.5077632
4.3897206
4.3857848
4.369068
4.8629571
4.1856108
5.0202702
4.5447387
4.3805988
4.7540835
1.7987643
4.6236559
5.0404555
4.6038323
4.395534
4.4203616
4.9735083
4.6583263
4.0213894
4.4980434
4.5308055
4.9569998
4.6355919
4.0663023
4.0972475
4.0834091
4.4612128
4.693159
4.3154245
3.7902502
1.7994601
4.6234901
4.6382617
4.8609414
4.6808503
3.9337237
3.9385292
4.632248
4.8222149
4.505361
4.4922557
4.4417927
5.004499
4.3910191
4.0627782
4.5233023
4.7134976
4.1727786
4.0321959
4.0839185
4.4267862
4.4626398
4.3405815
4.5182299
4.1855159
4.6842811
4.4284154
4.3169952
4.5249931
4.3473443
4.2416155
4.2461359
4.3668924
4.3845785
4.5284893
4.3778022
4.6828185
4.2338196
4.0691946
4.0932361
4.8462196
4.7495755
4.5850235
4.2419567
4.9266924
4.71454
4.2952871
4.4859809
4.4302507
4.445692
4.4642537
4.4366584
4.3559736
4.3335445
4.5872957
4.7851585
5.0999999
4.6755773
4.2707643
4.4594606
4.9355698
4.2017611
4.3281054
4.1895225
4.1732653
1.7934305
4.5709246
4.5175895
4.2132975
5.0046761
4.5408327
4.5450759
4.1892595
4.3299279
4.7129155
4.5670212
4.8013611
4.3578071
4.6741021
4.2522626
4.5305385
4.4958155
4.6907408
4.3469812
5.0999999
4.3751161
4.7426003
4.3413027
4.5915782
4.6229899
4.2686403
4.6476551
4.0429014
4.154062
4.3191998
4.8065281
4.4839615
4.4423963
3.8502393
4.6999717
3.884744
4.1815837
4.2584226
4.4627019
4.4885154
4.1002283
4.306686
4.4321098
4.9553626
4.393119
4.1218379
4.4485219
4.5508668
4.334122
4.7773699
4.4615305
4.5326225
4.9174061
4.1785622
4.9148568
3.7147798
4.0336059
4.0984279
4.5120992
1.7940386
4.8604497
4.6153219
4.1671277
4.5151288
4.3491425
3.92134
3.686586
4.4938624
4.2583674
4.4563233
4.0899335
4.7579706
4.7227536
5.0999999
4.6727178
4.4660363
4.213842
4.271368
4.7721757
4.6196948
4.6340729
4.7341792
4.617855
4.0052978
4.6583834
3.9448055
4.8268517
3.8513902
4.1293445
4.6686912
4.3439992
4.657027
4.2663634
4.2472332
4.2172375
4.2761484
3.8645187
4.5879258
1.7928408
3.5004489
4.4263032
4.1726043
4.2463987
3.5959237
4.1767477
4.1844442
4.5351169
4.5660894
4.2631546
4.6376465
4.5368573
4.5144291
4.09998
4.4100236
4.3274995
4.3952974
4.3152066
4.6312848
4.0109774
4.6181705
4.6858566
5.0426135
4.2630082
4.648911
4.5541052
4.1118891
4.6769067
4.5444535
4.1604622
4.5952319
3.91087
4.5337765
3.7543555
4.4052864
4.716927
4.4120078
4.4454265
4.0736619
4.5890414
4.5875647
4.5890584
4.4783744
4.6460567
4.1853371
4.3001838
4.7178477
4.0518194
4.3814808
4.0999075
5.0059961
4.5079967
4.2035362
4.3287721
4.3704993
4.3013244
4.0133972
4.6159752
4.3286987
4.5649685
4.1012924
4.0837907
4.7097745
4.1179959
4.7010107
3.6949193
4.3232658
4.7369225
4.6832686
4.7053092
4.3023425
4.2386677
4.5040054
4.5961169
4.1780351
4.3524965
4.9974903
4.717352
4.2486231
4.7347836
4.4750127
4.4103244
4.3955074
4.7346986
4.343158
3.4231808
4.0460177
4.4171674
4.7719932
4.2149671
4.7706054
4.4795544
4.765708
4.5095971
4.6096492
4.3275091
4.6567112
4.2682023
4.5478797
3.9745774
4.5483894
4.588247
4.2446716
4.3117335
4.3000001
4.2414564
4.5027721
4.5621271
4.1893275
4.710346
4.1799628
4.5545957
3.8963495
4.7103181
4.7333095
4.5441941
4.4692269
4.1160483
4.2568043
4.6687113
4.1835529
4.6205443
4.7531379
4.0403995
4.3656836
3.9846303
3.8766285
3.9990228
4.4401138
4.4592542
4.5283117
4.0494986
4.5915498
4.6761875
3.9800405
4.5795357
4.1830063
4.399626
4.2675082
4.4055821
4.6645733
4.3730016
4.4135446
4.3982415
4.4758839
4.8381876
4.4947137
4.4393885
4.3992213
4.0785273
4.2709884
4.3314169
4.686052
4.2270529
4.7
4.7289303
4.4193572
4.1232347
4.3989535
4.2442103
4.1034215
3.974216
4.2015993
3.9971036
3.7603678
4.4754942
4.8596519
4.5142987
4.6049511
3.9402403
4.4215812
4.1119272
4.6464358
4.6537674
4.2954977
4.655632
4.5139588
4.3336405
4.3725493
4.185515
4.1049564
4.2753761
4.3642285
4.4593472
3.99471
4.2523984
4.5517741
3.881283
4.5107832
3.8405051
4.4627804
4.4997937
4.2866365
4.3684336
4.5051944
4.0690189
4.7512188
4.2718221
4.2206743
4.0965138
4.7360514
4.1630655
4.3185303
4.4275032
4.5560191
1.7940386
3.965747
4.4967312
4.3190185
4.242408
4.6722741
4.8250663
4.0358899
4.1374951
4.3843419
4.6360164
4.3
4.4306489
4.4469529
4.517478
4.7784869
4.7470033
4.622695
4.3597968
4.0669329
4.435265
4.0057447
4.4909421
4.3540003
4.047046
4.414954
3.7345898
4.1033727
3.9000001
4.4139477
4.5500502
4.7977276
4.2657299
4.2109029
4.6093477
4.3745756
4.0292489
4.3862308
4.417136
5.0557439
4.144361
4.1866559
4.261085
4.3944476
3.8265212
4.9582065
4.1212795
4.3396691
4.3817197
4.1101614
4.6008946
4.5952755
4.5363171
4.36487
4.3886821
4.7363778
4.3664084
4.9942173
4.3813289
4.3664882
4.3994194
4.83164
4.4920119
3.9591858
4.3607178
3.9638214
4.4695507
4.533803
4.6999999
4.0483024
4.3606348
4.2203973
4.3659853
4.3169131
4.5044024
4.8939653
4.1872293
4.4737906
4.3001798
4.2361364
4.1894262
4.7330688
4.717677
4.4718227
4.157023
4.362303
4.5189995
4.5080775
4.3374088
4.8346279
5.0363814
4.2653547
4.6906958
3.9087355
4.5085521
4.578361
4.4649318
3.9875286
4.2314462
4.5845514
4.2663297
4.558584
4.091666
4.5705982
4.5074715
4.7039513
4.2421085
4.3990495
4.6833123
4.6804879
4.1328326
4.5819351
4.3859355
4.5888642
4.3740367
4.5
3.6998475
4.2453863
4.2719978
4.7820681
4.6314458
4.2771456
4.3705712
4.6492702
4.2559586
4.0273502
4.2938364
4.644668
4.6117861
4.4528991
4.1907422
4.104197
4.3316003
4.5476808
4.0227272
4.1769245
4.0803401
4.7178026
4.0554216
4.807476
4.1522846
4.8458655
4.6544595
4.3807978
4.6312848
4.7264156
4.2449535
4.9355698
4.1912319
4.2692813
4.089333
4.3796187
4.5418336
4.2148314
4.2193593
4.4271287
3.9503149
4.0976243
4.432114
1.8016923
4.8819684
4.3853065
4.3397079
4.4010611
4.7411578
4.4438095
4.4945209
4.4510127
4.9156588
5.118417
4.5856704
4.053192
4.4641572
5.0999999
4.7582604
4.5416012
4.5563562
4.4031793
4.354214
4.8004526
3.9941802
4.3104949
4.1677307
4.9999476
4.3811411
4.1955861
4.496001
4.5731267
4.5659825
4.4786387
4.3859935
5.0999999
4.5508191
4.3616634
