1.0	-0.03510311750599523	0.030595923261390847	-1.604172679602044	0.0067178255524976424	0.0
0.0	-0.024319325551232243	-0.051960830090791325	-0.40257516812803656	0.18099768586584508	0.0
0.05454545454545454	-0.022468686868686912	0.031183333333333382	-1.7158008610183504	-0.8409126753150579	0.0
0.0	0.05809118086696581	0.005267563527653217	0.9288988576179349	0.3151488833659016	1.0
9.31098696461825E-4	0.04757169459962777	-0.009314400993171969	0.752968330531901	0.020226506906535612	1.0
0.0	3.0040005717667424E-4	-0.036303614802087894	-0.11984228837182619	-0.02693802983725238	0.0
0.0	0.021372899728997332	-0.043315447154471665	0.15602193048170326	0.6527977120349792	0.0
1.0	0.027155078391274783	0.07777948193592384	1.6788955181232184	-0.0014510283272144385	0.0
6.447453255963894E-4	0.07880593165699618	-0.002427036320653336	0.8664018187746595	0.2755614326162859	0.0
0.0	0.0503111702127661	-0.03247872340425538	0.5210521901993058	-0.24191853872075716	1.0
0.0	-0.05723047515019178	-0.039418168578190804	-0.7394121293229271	0.03504156258474221	0.0
0.0	0.026129464285714298	0.0010773809523809512	0.876077862053582	2.555025062048682	0.0
0.0	-0.04530757420675585	0.014470317297850714	-1.32668751187945	0.06065862554267859	0.0
0.02066115702479339	-0.0388099173553719	-0.014414600550964177	-0.8820228719219009	1.0350987371262284	0.01652892561983471
0.010810810810810811	0.009805405405405369	-0.016672072072072056	0.2628832860433991	-1.5558537795710172	0.17297297297297298
0.11450381679389313	-0.01704325699745548	-0.012302798982188261	-0.7897655091493386	-1.6013357931598566	0.2595419847328244
0.0	-3.566229985199633E-4	-0.03212780203782174	-0.12369448833779866	-0.3010944536461886	0.0
1.0	0.006493133583030586	0.06415886392010897	1.840145741492047	0.03392902800073759	0.0
0.0	-0.11037507525587026	-0.14094039735099279	-0.5480857058245174	-0.02003221535670461	0.0
0.0	0.015449971735443867	0.03776540418315466	1.6649581881550366	-0.01523571402591946	0.0
0.008417508417508417	-0.01987991021324361	-0.020089225589225664	-0.6195946001997226	0.541245944347608	0.0
0.0	-0.055097121334409596	-0.03686359967715904	-0.7465737119813703	-0.24683148905585794	0.0
1.0	-0.007366637955785189	0.05238558713752527	-2.0374889831271314	-0.07811566735612362	0.0
0.009259259259259259	5.061728395287671E-4	-0.01850205761314614	-0.1144669219816277	0.7901406765050846	0.0
0.0018148820326678765	-0.03449969751966128	-0.06109376890502129	-0.4479102705895595	-0.5499303602212333	0.0
0.0	-0.025893518518518756	-0.0374687149270486	-0.5094853867888733	-0.1457760959850972	0.0
0.0	-0.011942420152946482	-0.06662887989203788	-0.24462355160508184	0.24981408853808473	0.0
0.0	0.014173367920449698	-0.035487246000864864	0.10522945843623654	-0.33556435929538725	0.0
0.0	0.05953276927209102	0.019525114155251426	1.080627604555263	-0.03646273812317234	1.0
0.0	-0.008651312957382784	-0.06266910604103668	-0.2203084262064446	-0.0037832804503724537	0.0
0.0	0.03501230769230772	-0.05417538461538468	0.25264620335917093	-0.5310560414123829	1.0
0.0	0.007790966576332496	-0.03458572719060552	0.030484580598116894	-0.046012753868760206	0.0
0.0	-0.08710116086235513	-0.041361802100608205	-0.8436222227113999	-0.22231850860229335	0.0
0.007211538461538462	0.04184655448717968	9.96794871794872E-4	0.8948697073376108	-0.3256136063324011	1.0
0.13685344827586207	-0.012512392241379396	0.044790050287356664	-1.919263862805169	-4.878846688636316	0.17510775862068967
0.003432003432003432	0.028693407693407863	-0.022376090376090514	0.4411121322641335	0.17706134059072337	0.0
0.0	-0.022119601889338945	-0.042006747638326965	-0.43163564622880174	-0.007152325621299999	0.0
0.08571428571428572	-0.018729100529100554	0.0036232804232804237	-1.1834343017682514	-3.6741914622188463	0.1873015873015873
0.006048387096774193	-0.04721068548387104	0.009291330645161317	-1.2537073159224823	0.5403410151650603	0.0030241935483870967
0.0	0.0066819190238624525	0.054215751525248795	1.833678749395621	0.15825660358342214	1.0
0.0	-0.11940487692661719	-0.22174879227053176	-0.4396893520339687	-0.009315300890958108	0.0
0.0	0.001357594291562092	0.021980835881775712	1.869838039840997	0.11828030919778576	0.0
0.024886877828054297	0.018960784313734633	0.01912820512821427	1.4176712753156155	3.765979896721427	0.0022624434389140274
0.0	0.011500125596583817	-0.05489173574478801	0.013398289654416992	0.2310493777072396	0.0
0.0	0.04471084337349412	-0.018284694332887163	0.6402172884083442	0.025584120512404464	1.0
0.009316770186335404	0.0033402346445917425	-0.08655797101448404	-0.1079925710180839	-0.10859502273566388	1.0
0.21318879855465223	0.01035350797953516	0.05148268593798122	1.7940933491534423	4.787481136325521	0.0018066847335140017
0.002506265664160401	0.025589807852965808	0.0012598162071846292	0.8870220787824828	-0.788620824048048	0.002506265664160401
0.0	-0.0698344265553574	-0.01585708606638851	-0.9763232610028114	-0.23116537655854227	0.0
0.0	0.014557146103158454	-0.03424380822540352	0.13371182402486437	0.19228747399842464	0.0
0.0	-0.053924738219895636	-0.05251745200698114	-0.6301147422711902	0.15538739267416743	0.0
0.0	0.042801410256412514	0.05007435897436036	1.4373626443756715	-0.0675473142172432	0.0
1.0	0.016364813574458677	0.06291917838803285	1.7218141352249885	0.006578073129277294	1.0
0.0	0.030284985422740673	-0.04228012633624896	0.26806839358906254	0.20019054883997228	0.0
0.0	0.03068991756499931	0.030028323821604662	1.3892732031028288	-0.04165369212041302	1.0
0.0	0.04692758253461169	0.05722683706070333	1.4463195301396652	0.299074428632235	1.0
0.0	-0.010275700934579446	0.019434579439252378	-1.7745065099649138	-0.015223350683152895	1.0
1.0	0.01171618037135278	-0.03322192749778962	0.09950439800140708	0.03383324145829439	0.0
0.0020964360587002098	-0.040081062194269816	-0.04155031446540885	-0.621373578301117	-0.43148326553372085	0.0
0.0	3.262828045662613E-4	-0.041880141010553984	-0.11972181243456849	0.3251316248104945	0.0
0.002938295788442703	0.03921155729676799	-0.027115899444988628	0.46967391928600155	0.7768608906267134	0.0
0.0	-0.0069042042042042825	-0.02779309309309342	-0.27770917293625236	-0.09634774856319295	0.0
0.00390625	-0.0022799479166471085	-0.026932291666647113	-0.142604820589247	-0.9443292998524316	0.0
0.0	-0.01002918586789559	-0.026075780849974542	-0.3497108762520761	0.4567278388666711	0.0015360983102918587
2.8876696505919725E-4	0.07240600635287059	0.01855308499374374	1.0477554497046517	0.021535567254415126	0.0
0.0	-0.03132933104631231	-0.06520211549456854	-0.40688541864167127	-0.21506524804470056	0.0
0.0	-0.02852592592592611	-0.041138477366255304	-0.5106931135023177	0.17631820434450518	0.0
0.0	-0.013828903654478383	-0.09330897009966109	-0.20849703555339566	-0.7132555556922909	1.0
0.0	-0.00963943202979522	0.04185870577281225	-1.9746334329916932	-0.18890575728276332	0.0
0.0012315270935960591	0.05568678160919546	-0.021381773399014835	0.6587984829608973	-0.32765220577073245	1.0
0.0	-0.019116080937167247	-0.021088924387646476	-0.6186920276851009	-0.0339877198258906	1.0
0.0	-0.011209261686325961	-0.039541065967671735	-0.29442824278630314	0.13702600787730193	0.0
7.710100231303007E-4	-0.06336365972757682	0.003965047545618087	-1.1592560060679036	-0.3221092233361911	0.0
1.0	-0.03375857843137258	-0.014803921568627443	-0.9573788286123692	-0.01890380411371848	0.0
0.0012674271229404308	0.02030502746092102	-0.0797186311787074	0.044836065924959444	-0.48195323737122764	1.0
0.0	0.026163541036499545	0.05880701754386011	1.623429855376871	0.08381803414031146	1.0
0.0	-0.033599765258216674	-0.09010704225351766	-0.3464313697528502	-0.01727464434394297	0.0
0.0	-0.025537754943173202	-0.02620395453837793	-0.6220257675875615	-0.07430069824406905	0.0
0.0	0.08560580912863079	-0.015550829875518726	0.7614141052945299	-0.19901098394326897	1.0
0.03142857142857143	0.006673333333346307	0.008821904761917741	1.4778024089307855	2.0310507900264723	0.025714285714285714
0.0035026269702276708	0.03165966141272635	-0.029364565090484664	0.3859560015605136	-0.3051736714990526	0.0
0.0	-0.023231250000000165	0.037781250000000335	-1.7829753191781204	0.07184924018784833	0.0
0.0017985611510791368	-0.046977517985611714	0.024904976019184774	-1.43532832739841	-0.2980278137228838	0.0
0.0	0.07054866447127814	0.04477058177826675	1.2532041191620948	0.16854429014381941	0.0
0.037267080745341616	-0.009033126293987373	-0.021594893029667186	-0.34874814204321736	-2.5068714078380196	0.19668737060041408
5.497526113249038E-4	0.10286860912589235	0.016008429540040565	0.9885476557144532	-0.040880187211654734	1.0
7.102272727272727E-4	0.051073390151516504	0.029314630681819432	1.2250947268565846	-0.39653483935753603	0.0
0.0	-0.060139250982826936	-0.024553693358162838	-0.8805506002799527	0.006963551222356865	0.0
0.0	0.05348954614992406	0.03176984531701541	1.2255450848408975	0.05043300044732667	1.0
1.0	0.05323696682464456	0.042183254344391755	1.2914297428463781	-0.00967189105805567	0.44075829383886256
0.047619047619047616	-0.010798534798532603	-0.02744688644688425	-0.41705739051785384	1.7108483372482715	0.003663003663003663
0.0	1.9910356218176843E-4	-0.05885208775652631	-0.12025471335194197	0.14271871727218632	0.0
0.0	0.03448584905660382	-0.03215408805031451	0.41108000450033416	0.2617055793909065	1.0
1.0	-0.008736961451244304	-0.02231216931216647	-0.32493747778853677	0.01571620908861987	0.0
0.0	0.023269428007889635	-0.05997357001972411	0.13092420778715025	-0.08017551705700451	1.0
0.0	-0.05251647038743852	-0.012042328042328139	-0.977693039526555	0.1648810207964547	0.0
0.0	-0.040684076756894616	1.2466641250476548E-4	-1.1300563006572448	0.0508039405729875	0.0
1.0	-0.016270353302611333	0.034882872503840236	-1.8592051941704646	-0.0334059607098581	0.0
0.006514657980456026	0.05049945711183506	-0.002383821932681868	0.871510282204754	0.9859686788692967	0.003257328990228013
0.0	-0.018144863266814536	0.001521064301552108	-1.1896093935768253	-0.02646615812756746	1.0
0.004160475482912333	0.06918751857354993	-6.353640416047551E-4	0.8765458205598118	-0.07454241196870172	0.0
1.0	0.04564814814814823	0.06538983855650524	1.4971115144124292	8.576049021866897E-4	0.0
0.0	-0.03424711568444071	0.028697380729654266	-1.5836106303487023	0.14326076889711162	0.0
0.002023706273489448	0.053099836176157995	-1.2730076129902656E-4	0.8844937821820031	-0.031798032863925234	1.0
0.0	-0.05546678424456213	-0.030522339800117645	-0.801492908223407	0.26444612177446025	0.0
0.0	-0.12135666666666726	-0.10471000000000064	-0.6751231040722839	-0.1265114525329436	0.0
0.0	-0.019272880783519106	-0.06604154002026358	-0.30755467173920714	-0.3930316129780717	0.0
0.003011223651793047	0.050692581439910275	-0.017382516652979588	0.6754950631738356	0.0868145959854973	0.0
0.0	-0.06183212341197898	-0.2533611615245014	-0.2738451066984325	-0.00884004248243853	0.0
0.0	0.035009720915647635	-0.03701630605205403	0.3649897727159786	-0.2330104665986725	1.0
