2.826930692820466	100
3.694779603051594	100
4.192727593017357	100
3.966281093181137	100
3.741138687135318	100
3.9131644466980626	100
3.1647273259249884	100
3.432196565311796	100
3.7787894931556165	100
2.519564003739811	100
3.432196565311796	100
3.22864961425845	100
1.3249794368054317	100
2.5844056984830237	100
3.4304223799305325	100
4.087575941746233	100
4.4568685015058565	100
3.225369365480815	100
3.6497149273891916	100
3.909017601055207	100
3.8588266151636903	100
3.2412709030741214	100
3.315489951082763	100
2.007265334764763	100
2.722918291242638	100
3.211524737110504	100
0.9569235149756672	100
4.096752998196901	100
3.5579938239189017	100
4.312335662629953	100
2.965289420916613	100
3.5046244568519596	100
4.499612510639175	100
3.9475402391146543	100
3.0236533272018074	100
4.725154325623337	100
4.725154325623337	100
3.346099979152881	100
3.8361482077626663	100
2.3961555559019576	100
4.0833609636894765	100
4.0833609636894765	100
4.461545919323375	100
3.882921528995266	100
3.8532410200023532	100
3.7154959121267543	100
4.448006880035275	100
4.296000331112272	100
4.0833609636894765	100
4.0833609636894765	100
2.335255012126032	100
0.0	100
2.577149157021444	100
3.3842729086938066	100
2.9061434550750915	100
4.690049122160732	100
3.571843344961784	100
3.2239082439495546	100
4.359881789598824	100
3.332528058867511	100
3.8224856645646854	100
3.8911783522057553	100
2.757090963023855	100
4.432337220817369	100
2.3839229007336185	100
4.28328654512809	100
2.6144197682396264	100
4.604003315084568	100
1.4872554980181727	100
1.3767651819983948	100
2.5083512547149356	100
3.6386020763566522	100
4.0332480805856195	100
4.0332480805856195	100
1.9342881731099366	100
2.4324813597913986	100
3.995794830707511	100
3.809902554790024	100
4.614990799932875	100
2.357420706183065	100
3.72042798418211	100
2.3793696995391436	100
2.320655302658599	100
3.9211651830349945	100
4.374755730780284	100
4.673177076205207	100
4.09124944925139	100
1.9630919290719486	100
0.9731643980086719	100
3.8265734130069804	100
3.7818753348455703	100
3.3283031926470192	100
3.879945785520394	100
2.830532302517242	100
2.830532302517242	100
2.673134165120171	100
2.673134165120171	100
2.673134165120171	100
3.3174701052383346	100
3.6713467258134616	100
4.0873606747839935	100
5.0	100
3.905134187198432	100
1.305072203744201	100
1.305072203744201	100
3.537337595595127	100
3.4072151639970683	100
3.6328392915898666	100
1.2404188961533071	100
2.9217820877382943	100
2.3793696995391436	100
2.668460786434042	100
3.445146170184029	100
2.10239109032093	100
4.176848432788481	100
3.320263695951792	100
4.095230885194325	100
3.549732808930398	100
2.4694793504520502	100
3.4072151639970683	100
2.5173425501947824	100
3.6440327463164683	100
2.4208133637673726	100
1.2991296278472015	100
2.2745962296932563	100
4.148034659509304	100
1.1221129113091477	100
2.3961555559019576	100
4.176113094931416	100
3.4247069239513417	100
2.2335423059627777	100
4.397447560369177	100
4.168227584411224	100
4.50539486324888	100
3.964399092526919	100
1.4119566526029077	100
1.060009253032268	100
2.8078146789626333	100
0.2557674650655093	100
2.487137695282514	100
2.0706098901598615	100
3.8895613280424053	100
3.5046244568519596	100
1.707795252180646	100
1.8084597801485982	100
3.074692970902521	100
2.5989910058620174	100
2.5789683277352475	100
2.4208133637673726	100
4.433393951353334	100
0.5712834133728188	100
2.0385775112789393	100
2.1461130367011823	100
4.05159567958868	100
2.287174075714045	100
4.23066958110413	100
3.78077577268279	100
3.7694082217321148	100
2.2434869663197503	100
3.33457080811056	100
3.056277854050731	100
4.055241660535587	100
4.214534380939509	100
4.742275862903038	100
1.536907848173941	100
3.4948380203651217	100
4.454374582316258	100
3.8494878367453085	100
3.2125963657197074	100
1.775731139050043	100
3.858847246309792	100
1.925626621219502	100
2.4651679141591476	100
0.6787197420999389	100
2.8657809209571523	100
0.6538562888583277	100
2.970941647394313	100
0.0	100
0.33525290333880786	100
2.3961555559019576	100
2.3961555559019576	100
0.91043286655177	100
0.8173688140236237	100
3.7804838173609054	100
2.3771772475313453	100
3.9517225460312178	100
3.556794017442404	100
3.5916372337049642	100
2.331040177434705	100
1.9714004813772092	100
3.2931491458156623	100
0.9526012868647475	100
4.450269854623312	100
1.9625038926411769	100
2.838244020440148	100
2.3037373202217886	100
4.351932785110088	100
1.0397368039030468	100
3.3622230702359284	100
3.916459930406595	100
3.2174582267638714	100
2.198708350706111	100
4.321146362295935	100
2.379041695991723	100
3.2154850359752762	100
0.33649574437869134	100
4.512994562390259	100
3.482018837997484	100
0.8130125305298765	100
3.612442334274344	100
5.0	100
3.09672505396919	100
2.5527736357653046	100
3.9690704853453243	100
3.4383398363374686	100
3.357574068216274	100
2.3504044372576383	100
4.923403904595724	100
4.3590853256333455	100
4.923403904595724	100
2.9073560928092297	100
3.8085082526164546	100
2.240243055904246	100
2.947560445153111	100
3.0534611259825235	100
3.8849262438186214	100
3.7397401061875515	100
3.5681803694808254	100
3.9123413560439273	100
1.5519260734328233	100
1.7016098851250394	100
1.9122713472859862	100
3.8977334956887377	100
3.7256597343007636	100
3.8380149377323596	100
1.5997565168384211	100
2.629145147448148	100
3.4070367526503373	100
0.9980438589008642	100
2.2768962818595124	100
4.149152621975284	100
3.016090094256927	100
2.925909982124149	100
4.340476706308702	100
0.6921740429993388	100
1.0098235949902845	100
0.8769875127740576	100
0.4174300906570858	100
0.4022954788508857	100
2.7288977622509956	100
2.6810278509456227	100
2.1811925685896147	100
3.786067011451352	100
3.6881205069050944	100
0.9442911937768192	100
3.0681361332603094	100
3.9146065115579	100
2.198708350706111	100
0.8482732455301667	100
0.38358632295341444	100
1.9909070562095934	100
3.1324121006657757	100
2.4194559456361855	100
3.1823863508456744	100
0.6697244913396547	100
1.1223984986703632	100
3.072980885265914	100
3.2478043751741827	100
3.8274599163419873	100
2.443878718474977	100
1.5584859815972925	100
2.3106971533980936	100
3.2010793281341927	100
3.873102409136906	100
3.444306111513389	100
1.4216969483822188	100
3.491997495765477	100
0.6791269532077688	100
3.7189267232072156	100
3.8455352516286014	100
0.0	100
0.9940272607840583	100
2.5729133360887992	100
2.05068932874246	100
2.91471068075614	100
4.001564535037759	100
2.724732824649398	100
3.226586262919482	100
3.462110507838987	100
2.3306718371984427	100
2.547349469342718	100
4.474616671417084	100
2.442220080135251	100
4.058361334229079	100
0.5931271896664905	100
0.0	100
0.0	100
4.002456645370484	100
3.102307822466659	100
2.8972990656689115	100
0.7664499681459809	100
0.37611856801774746	100
1.5825206802521974	100
2.759826003523682	100
1.8816219804075134	100
2.9982708792456423	100
3.493235259815779	100
1.0104761614139752	100
1.305296393604788	100
0.8561434559404999	100
0.8161098211258828	100
4.362587380663109	100
2.962420017690085	100
1.2586500561304348	100
0.018569489281595075	100
4.098029342505227	100
1.0109968888619276	100
1.662873924218271	100
3.191685895420176	100
2.577149157021444	100
3.8660236988584407	100
3.2213769650572823	100
1.400475856381199	100
0.0	100
2.368220679496365	100
0.07769051905032054	100
3.1041800761090323	100
3.7541329625449658	100
0.9100415323068285	100
1.009944115007797	100
1.4018985109822184	100
0.6127142487915176	100
3.0672265146779845	100
1.384060702302059	100
0.0	100
0.5389842479064972	100
1.474444075461565	100
0.9247935357886412	100
2.0907244693830638	100
3.678235977897198	100
0.6001424640620403	100
0.9852904489543661	100
0.6051183888329028	100
2.4394074810573363	100
1.4805442455211004	100
0.9033780618182021	100
0.3212268060272594	100
4.21580125674974	100
2.1865262767895146	100
1.458703094773754	100
1.2666118187525948	100
0.7483202512022595	100
1.4538631424587818	100
3.936142988320106	100
2.637353282267254	100
1.9705724449973312	100
0.9162274733635458	100
4.068912898419801	100
2.4373770284110226	100
2.3867694564397297	100
2.584310384772345	100
1.2227437051946248	100
0.048452375290147565	100
3.125339475630496	100
2.1038362436329043	100
4.6984813553797755	100
2.3290899959166484	100
2.614297743618838	100
2.789158166832846	100
4.2778281989385265	100
4.265485500156264	100
4.768458050895771	100
3.3400591937775337	100
0.861828634810144	100
0.8294371770525446	100
3.3003358930007023	100
1.5901626606866124	100
2.401430423267014	100
0.8532410473878267	100
1.8796761080885842	100
3.568221850638454	100
3.2679230317241155	100
1.7087773928558487	100
1.430444304607854	100
2.18555979867239	100
2.3211476845873387	100
1.4952426851418084	100
1.1987286306431493	100
2.9368548518798177	100
3.4319746107078215	100
0.09027880801301524	100
0.0	100
4.437479237391623	100
2.1104045646207235	100
1.4411127125280894	100
2.054558074373343	100
0.740498371834323	100
3.708447227397918	100
2.1454183926248076	100
2.074538308134863	100
2.854507602932178	100
3.1040819619208877	100
3.3480830822047905	100
2.598172177104689	100
2.9825624619919315	100
1.6690590872068611	100
2.162153373389775	100
2.1976434420015014	100
0.17372593772198108	100
0.7424610073751268	100
1.7117335579409536	100
1.4179855336791078	100
0.08717752489997199	100
0.8429251277807817	100
3.645019746417529	100
0.3244298998526345	100
1.9920894356034315	100
4.283595389418163	100
1.0426528835209918	100
4.224632707224125	100
4.096360357696567	100
2.960005829649016	100
0.07141102977411595	100
0.6359712197617862	100
2.253928128733027	100
0.29337562373962456	100
2.1845428609418835	100
0.0	100
3.6511948314126945	100
3.213693915839964	100
4.014336669004327	100
0.5490564617400002	100
2.5617438610335537	100
3.099631551729318	100
0.45520512872013885	100
2.704602572779242	100
4.064193293022966	100
0.8418021636945276	100
2.318286663093348	100
0.476828364665411	100
1.0261140672478088	100
4.4282405661321524	100
2.7102140857061414	100
0.18946607691902528	100
3.6202413908494195	100
2.105770272387571	100
2.9629635865609982	100
4.2194307668042415	100
2.1866543928570508	100
2.461523330873102	100
3.4951280148543047	100
2.1285864711869804	100
3.6139048064306243	100
0.8571041760627267	100
0.7679301000954988	100
0.9431106498228017	100
0.9681032641187652	100
1.266474857991799	100
2.3380603087721976	100
0.45850380708870997	100
1.643897883996094	100
1.0849811914500904	100
1.597263005196913	100
2.769721484634757	100
2.0279261113567584	100
2.077900722242642	100
2.1374316347019446	100
2.8481971211376225	100
0.44657390525478124	100
1.009140135577252	100
0.019238100765385013	100
2.5612721004007524	100
2.372582718054173	100
0.24786099200362433	100
0.4301290286946786	100
1.1710894399340788	100
3.388496565692244	100
0.32740950605844343	100
1.3691344010194104	100
2.092213442205451	100
2.4801939572386598	100
1.456057257970616	100
2.3861155387870774	100
0.7379080909915263	100
0.6522175632755687	100
1.6163048482852664	100
1.3786845126516356	100
0.00652284663642444	100
4.132303552223635	100
3.132568783006808	100
0.6249210155953486	100
2.7299449363149124	100
2.361561567819228	100
0.8360779836155272	100
0.6853188523867297	100
0.651938116383346	100
0.30524043529806555	100
0.3370306006581494	100
0.48081299759542695	100
0.7973675233660655	100
0.0	100
0.34899493161231465	100
0.0	100
3.76302969243154	100
1.7626277603184732	100
2.5171561209319195	100
2.5058688336640333	100
2.674776318934028	100
1.5587620670573994	100
3.940929887148667	100
4.066091318238015	100
0.8061652453830028	100
1.2746451781323742	100
0.09626146173876027	100
3.6909496690996937	100
0.8711217733598406	100
1.1084810244314527	100
1.1938628341229212	100
2.5162457111052987	100
4.0840261372967275	100
2.0042421922832068	100
0.5444666684529338	100
2.43629753224877	100
2.3285985819934103	100
2.5742084987777636	100
0.20106593480451895	100
1.0002586622240281	100
1.0164532284448358	100
0.8370525639237334	100
0.4303078943090384	100
2.5117525835610275	100
3.5902420689387364	100
1.0259703002064846	100
1.9098974291621387	100
0.5162883737665371	100
0.2659611694628241	100
1.2620195777536427	100
0.45482326675842266	100
0.4366112531539823	100
1.623025349867917	100
1.5083863740452372	100
1.416504111851003	100
3.2815199625643023	100
1.8641904042284585	100
2.0512374874036103	100
1.3064492549670348	100
0.3522103544376032	100
0.6301876091521894	100
0.7665069356183327	100
2.6125502738613653	100
1.1585274541233055	100
0.28464785674279813	100
0.6267690939730857	100
4.265801100932696	100
3.82843357222142	100
1.0144742157954587	100
0.8787021463474769	100
2.1545415213987757	100
0.8254998785863146	100
1.362819253730378	100
0.5345066739553985	100
2.2973611743834015	100
1.023467247108738	100
3.801317074785813	100
0.2585768414822711	100
1.30508467390717	100
3.7079614218427492	100
0.5650981301257874	100
0.5243964520695235	100
2.2226916123272256	100
3.587199323851377	100
3.099314978654621	100
1.3144166426765667	100
2.8663659499859824	100
0.7672540747497427	100
0.5199831614634229	100
2.8692779920262046	100
4.166379903004835	100
2.555054120737041	100
3.87450197775122	100
2.6887260176206	100
3.411121727023482	100
2.255972817567863	100
0.7171837152061737	100
2.519114742533196	100
1.0430159639253516	100
0.7369488992572437	100
0.976306011542678	100
1.6910864521328346	100
1.237557521032433	100
0.13511939087403224	100
0.0	100
4.062044180171477	100
4.357156142498993	100
2.0086171857896984	100
1.5535705076124335	100
0.0	100
0.2887364948113449	100
2.155854728882149	100
2.684597750541637	100
1.973187401770737	100
2.7552579840267333	100
2.7251733282766795	100
4.2398145592769145	100
1.9139449967590547	100
2.9527521818645672	100
3.345127984660164	100
1.3028067499869778	100
4.120455284873073	100
1.5090837460233768	100
1.842790206557047	100
0.5197231804808649	100
0.0	100
0.2951568227031842	100
0.3262898665607672	100
4.416630590014383	100
3.8917881005599346	100
1.899371194129393	100
0.6304423482007673	100
2.290766875431843	100
1.0894813626132862	100
1.17542007551289	100
2.2288242703657692	100
2.781201713285829	100
3.4667015768833638	100
0.6496131735220656	100
0.0	100
0.5870198518246026	100
1.3753692854621749	100
0.6361595921991983	100
1.4095499740453565	100
2.3184030148297436	100
1.5446675430189156	100
1.928704436394682	100
0.0	100
0.2739794960034274	100
0.7256386368129029	100
3.0612312007671063	100
0.16998782983416127	100
0.0	100
1.617687472189698	100
2.858217529622512	100
2.7913182315841576	100
0.5461208636079133	100
0.5115102333639268	100
0.0	100
0.3389942890313806	100
1.34937095275148	100
3.3881037634284814	100
2.135256794665106	100
2.3396666124682186	100
0.48316570121721103	100
1.087546866902942	100
0.0	100
2.3121268179840824	100
1.3154990968549685	100
2.8098325986979473	100
0.0	100
3.32145171460487	100
0.672250203950699	100
1.1905051536857991	100
1.3038878795417181	100
1.9809543078848177	100
0.677858635230038	100
1.8446540139499223	100
1.108284274616019	100
2.0297680712975277	100
2.6365054172074007	100
2.752917158125416	100
0.9704638546381874	100
2.832918823775768	100
0.7664392704306859	100
1.755382421387564	100
4.401356996320495	100
2.1633438104104954	100
1.1807058340268517	100
1.6376101988648628	100
1.2786453414286187	100
2.392365968143559	100
3.1103432703250826	100
0.3157315003589467	100
0.776040997537538	100
0.9242141287961969	100
2.0350647415970515	100
0.6911574573095907	100
0.9119433503392269	100
1.166546998080304	100
3.118170479250076	100
1.155277576768099	100
1.5063383807563957	100
3.177881232161991	100
1.7323794746867813	100
1.6932529981429534	100
0.3110226869960826	100
0.9067472787608022	100
1.2202887770440354	100
1.2542510716565438	100
2.002965614902166	100
2.3919327881614985	100
0.9551116486319433	100
0.17014856320751193	100
1.2891711852290548	100
0.891113547623382	100
0.45179879735642814	100
0.9776945685507501	100
0.6810992365613195	100
1.1336813063891569	100
1.1411399618871636	100
1.4686056764349438	100
2.7620817864714438	100
1.2552082249328969	100
1.2880216399349989	100
0.8903724620632625	100
2.279124423274097	100
3.767860331105175	100
0.6757334237022192	100
1.4585988486880694	100
1.4077058703288303	100
2.6715493582541434	100
1.878736432622973	100
4.411624434841383	100
0.27344691329931603	100
3.589963056457232	100
2.3096085229613	100
0.6415314839133419	100
0.6573828406477062	100
0.5473412774376536	100
2.77764414433761	100
1.9675468542428183	100
0.44772339189743615	100
0.6048652367401326	100
0.7398662357182557	100
1.2400719356133125	100
0.6228278811057049	100
0.888577541762472	100
3.319730593919828	100
2.209812706823433	100
2.14099069094902	100
3.290586092821795	100
0.6656918119656421	100
0.7141254434955977	100
0.879117479266819	100
0.8609140618640581	100
1.1260993232981713	100
0.0	100
1.2989833508039323	100
3.210390687450796	100
0.0	100
0.7275846444614791	100
0.0	100
